-0.9367696125789621,-0.6048796127892875
-1.1156588803338054,-0.19299921583021462
-0.9681382075241486,0.5821275047552129
-0.2920483551004333,-0.8557182627746787
1.7243080553216745,-0.9237139197045635
1.3176662708276508,1.673132838420548
0.41493555226891043,-0.16480219296978704
-0.360395294085792,-0.6805568473523675
-1.3938882321373682,-0.7418554633679805
-0.22511956681689238,0.3600605628179464
0.14788973893366103,1.133037018564658
0.3817532910990295,-1.0071290868838032
0.20995327343404027,-0.23259063209773098
-1.5446318419250191,0.9489023316817924
0.8592305243199199,-0.3253810000187446
1.7645338366954382,-0.10395889904048061
0.17658889049563534,1.0045905373367416
-0.4878590915814991,0.0927272362085901
-0.9101928084099726,0.25916312107784756
-0.8108838212565145,-0.7719382294741051
1.3184621918530544,-0.8211168788870159
-1.8788792554138845,0.17947798273279364
-1.22218842952359,-2.4061837046593055
0.6096538626795962,0.650499870912564
0.5905549509198444,-0.08935516108218844
0.10769608124153063,0.143000657953503
0.03039656349244284,0.23964197980103216
0.37831716433897605,-0.3599461069816908
-0.875841066808351,-0.2756090913198114
0.3270681325210281,0.46240549626512834
1.0078761158858147,-1.4467980414955437
-0.2898888589470586,2.1637412765706996
-0.9917733154399274,1.584145403754834
1.3213783756434303,-1.2856387499768658
1.3565440683230405,0.2287591754540137
-0.44883043009607076,0.5116930940975917
0.9368845309726758,-2.243443332428419
-2.187822524010958,2.5042633856740992
0.1564099870378546,-0.7267635954998042
-0.6182783083472346,0.710231710684306
1.3992869967492465,-0.9068778923311338
1.1197819791195,0.2603649216612084
0.6490674731171945,0.41893590807250425
-0.34572477033315924,-1.2848433899375211
2.138531708069493,-0.5755612338834328
0.16944551844206313,1.1559756534646461
-0.47174595890587406,0.23294336052250805
1.3535255135129671,-1.1796334576023857
0.32335745968665575,-1.2811514996977622
-0.846019706708297,-0.7415936368381529
-0.2651562573479044,0.12248400662760645
0.2982387348183347,-0.4179311096714663
1.5580313964806085,2.109491182934687
-0.7562769878892629,1.9402210122022434
1.2705011965421273,-0.14717908021380946
-1.5053110750126137,1.939242755193121
0.7886882912171099,-0.47935164697011895
0.7041717945140615,1.433078847201368
0.052619961235601524,0.01251609666827852
0.23114204412783917,-0.03034050822093746
1.6280139684517991,-0.3786184322722841
-0.10364683175277531,1.1227395567983893
0.33050468971759434,0.26234100928607484
1.2437472953383624,-0.2976676320952888
-0.00574428946117674,1.0176152597078
0.2832373901055659,0.8627159045579377
-0.9027968246740862,0.041916989131942
-0.1803412655395134,-1.7491760343160563
1.1163939925371704,-0.036910960454593994
0.6262538824549339,0.2573126954990855
-0.23904124142180222,1.4014549352646317
-1.3361305601127793,-0.10490658851722456
-0.5558123711124611,0.7296078662675735
-1.0954324733166922,0.29706042074853306
1.9689408717775487,-1.060995357327524
0.3411474165487967,1.9143210946304463
-1.4355106839783442,1.079921196419524
-0.5778485385966515,-0.868309181704854
-1.4660954431553268,1.053592007329895
-1.060088366557806,-2.6559094109646155
-0.6461997233662246,0.35720219924504903
1.076208606500421,-0.19498384712700476
1.5315922460690845,0.7375593378193223
0.024819405777623545,-0.2955788207951071
0.3216296351090561,0.3559603870829575
-0.22486461055980597,-1.8147733431204967
1.440469903512392,-0.06119212945959724
-0.19801263632063076,-0.23255692506879277
-1.307182503254787,-0.555496180227012
0.9199540600870594,0.9866537177038749
1.6668816943098255,1.5405159164705724
-0.8563328193797736,0.30164693780722085
-2.1352106811622997,-0.03345792645716417
0.736841856540056,-1.2683990383495
-0.26120527715580416,-0.6871451223736049
-0.9219927818440438,-0.9569353097929998
-1.037202012042013,-0.14817818289500106
1.5018571858756031,0.44715911319028534
-0.05342068873956666,-0.7081252555588229
1.2765225719282831,-0.4456209425699697
0.8453566839183321,1.4761789015151696
-1.3815403734867944,1.7065012439956277
0.9019550627313979,0.8272741182436752
-0.4917384043908674,0.3557624922223026
0.7247269803301031,0.2486253031758843
1.576587245899837,0.17742980904887873
1.2747291451083864,1.1559330013176488
0.859583876836066,0.6694345753154568
-1.022434929307689,1.477131727142826
-0.7095393645722384,0.908605066692374
1.1678608413624647,-0.689938995663715
-0.15486992045511389,1.1573113670053363
0.45419249159794717,-0.2629981151176156
-1.9063630244249805,-2.667880693579846
-0.10966651067750799,-0.7966152558320602
-1.234833222014963,-0.35566317885428733
0.20726261086274006,0.13075927348653782
0.4408709199916564,-2.9951617481083486
0.6283850400420704,-0.3721284018827013
-0.1573104808505207,-0.586722064258262
-0.01277213508729162,0.3029021078827247
-0.46066547965934185,1.6987216235720837
-1.460417346822045,-0.24139644110409086
-0.05365116956540839,-1.7566131341304092
0.4385382319981165,-0.20732675055567626
0.5158026597864813,1.380773939507879
0.2601725542693395,-1.6909506917237753
0.13783439805418884,-0.032963917066707704
-0.33606555189462267,-0.04412117492340628
0.735534038651574,-2.549725486785661
0.3381365984530243,0.586040708297323
2.1698411850460606,-1.5413719278843323
2.070674584580824,0.7315197818721417
-0.010926418665291907,1.6537476455300155
-0.1408489945216836,-0.1675709283600754
0.3490529334612069,1.715652474326174
-0.3993972458628626,-0.09191910689455174
0.06580409292264314,-0.41654833434625693
-0.6064550166831687,0.516261791417171
0.6225186420976048,0.2877079887918745
-0.24079998086580487,0.9436798130267482
0.07773519499177002,1.239434839731991
-0.9485746917839145,-0.5208182134015905
0.8270680389968065,-1.1807394147134935
-2.3435755493610886,-1.4179351908630213
-0.7183320774817366,-1.5845857111431756
0.20359387070978893,-0.15613401591473963
0.7405792295065402,-0.11245137831704662
0.4789851338349751,1.2642257530478647
-1.72829573626356,1.2097236021541447
0.16272427083345342,-1.6197864852610544
1.6091321776889251,-2.0802537549300024
-0.3745807781321434,1.6511698907109027
-1.7822313857899854,-0.725125642455954
-0.8948606231418627,-0.8152610088568801
0.4233881935961767,-1.5549017025133103
2.1074992002384705,-0.824055363573866
1.7396172602103703,0.867847872678213
0.6611608545454318,1.8341441157879195
-0.5228728991180789,1.2726626924803146
-1.4849351789609395,0.925332514446341
-1.1109776247399286,-1.8588577977101635
0.2636350449522095,-0.6168359325633563
-0.42420817377991027,1.645401221399519
-0.7130792042266515,-0.13676805043385387
0.6119022162831261,1.8699054156910557
1.3017169244312083,-0.5599374452079191
1.588937690025506,0.26907460364726316
-0.45965134446307426,-0.8097014953350439
-0.30901225460881054,1.6072937168422516
-0.823235706214768,0.32096898607745883
-1.2918707414476938,0.2734157448820665
-0.943893691493795,-0.7408469612592734
-0.23414899852816476,0.931255383432617
-0.04883488672141196,0.2945583227107646
2.4973443174405796,-0.5206003843880389
0.7051245914407517,1.2986167316571247
0.2306949196239382,-0.6953768356723313
0.3191887656396122,-0.7027961997709935
-0.01135947729758214,-2.6306524613445665
-0.871432423988846,-0.01889592503636601
-0.7070959667681151,-0.5259530624353527
-0.31724127490407705,0.9988682805957938
0.5637109315763486,-0.42407032580551857
0.3385388980875873,0.42768256800635795
-0.422888980330315,1.2790972792647473
-0.0543332765944198,-0.9297628923998406
-0.15878323551763074,1.51340736202755
-0.18906717703447337,2.0573880292249336
-1.59125950157909,-2.1131788910668825
-1.5487812652998885,-0.7086506257298599
-1.7197886901778996,-0.6371796903040551
0.22201657036948844,-1.6392950138257165
0.026903348979105974,0.029288043764769248
-0.6752767847132122,1.1880994443730484
0.09199134507655017,1.1003794665595485
-1.0692789553313977,0.7138116053362835
-1.0759352149295554,0.48218922897725847
-1.4942938955470646,-0.7331483740027176
2.165873988438051,0.12968869206091904
-0.5193876287509754,2.819809809535708
0.5131929075252328,-1.255157390678693
-0.7520287780783063,0.24763237414069875
-2.4963846139351915,-0.27221806735422743
0.5369962204028638,-2.3975580856887455
1.362481547332703,-0.5779235659131811
0.6007170656621912,0.20333913122249409
-1.7933363813795649,0.5330730309229823
-1.2645365783181008,-0.21578761624765652
0.23236332959821823,-1.502270998600549
0.6699524111950566,0.012238034980733059
-1.1086678967930899,1.794995142471867
-0.9703288673027252,-1.330570956741639
-0.2166129473199735,-0.18877575018546588
-1.3490618591502272,1.1816433275245242
-1.8744236511952477,-0.5699473551342136
1.190771990370375,-2.1620632888589166
0.5398339392794151,0.6967668676640132
0.1830220465302188,0.12317661423952661
-1.5270113317044138,0.6204343986403252
1.3295850146920805,-1.6872638113354186
0.7978774985790156,-0.9548000057233387
-0.8144916801676445,-0.40047295298144836
-0.3348619172107203,-0.7378802538198498
-0.7391001660547947,-0.5152081909742642
-0.05800289854346544,0.28154794270031225
-1.964806138747031,1.7211781361550802
1.1005469999812247,0.6778725308506623
-1.6646392745711085,0.572692104082296
1.3420967112281252,-0.9170456502228351
1.7875180326921072,-0.8345938651007195
-1.1290566147027064,0.6353527894190942
0.556026325925534,-1.0248350922376077
-0.17334909256235398,-0.8787473762993122
-0.20573300749550252,0.06783363459435857
-0.9171528883114168,-0.27888491910598606
-1.9684102587421333,-0.2973708786089144
-2.8094330593043715,0.8951435121247996
1.997197926981486,-0.5746342733008611
1.3757592003148351,1.3977883647940406
-1.27127083920858,0.5473146209802687
-0.8071810541166933,-1.4672493410481628
1.612802920644883,-1.3690565311875444
-0.01843773104088905,1.2064011147549272
0.9024263224518342,-1.6140057754322616
0.1462351321244925,-0.665769929612334
0.8504463815003357,-0.8372178676445059
-0.812516830588763,-1.6864498006810542
0.1910716463967477,0.0450949028090088
-1.447469251513662,-0.7053415520677299
0.8390535554935734,-0.3418262435906735
-0.5168974920047353,0.8618840839028227
-0.12292308233133878,1.51401666883173
1.0224212704266058,-0.010562470220006288
1.5841900269890958,1.5920625170652616
-0.3474472071548323,1.4398789436225155
2.4417835802999197,-0.15979397538942777
-1.596170573627037,1.9523039995741878
-1.309135759873579,0.35137439368020196
0.19148607198254203,-1.2068100701455204
-0.09805369046491663,-0.1320788471991047
1.0862635377326892,-0.18909067103008964
0.5666246291042669,0.1305657704200549
1.462100674083708,0.6400236934008755
0.3322627870367002,2.2399497280033622
-1.3833834386519692,0.751658521010226
-0.17536996611543573,0.06594485682268869
-0.26267006782613467,1.3448837939775335
0.1535354432583627,0.20669692233760462
0.9010716291420972,0.7483760130543314
-1.6753493398889883,0.8791263935889526
0.4196854240587404,-1.8063797745785624
0.22741368231171982,0.9398498827924336
0.20235763539511692,0.974231386571395
-1.2529578662345284,0.411737720321806
0.2581295038926605,0.5503563364403705
0.0506602107857031,0.6659885539591952
-0.17584678291291223,-2.094175750756596
-0.9481157051539156,-3.048838069678682
-2.5111483902508343,0.6873998346889485
1.1560818536855573,-0.3826403608060216
-1.407299817545472,0.8464945207340251
1.2044906703719358,-2.3254042583364587
-0.6346452858593473,-0.04641533946417675
-1.1910430228326259,0.01413616038364146
0.19867295469228774,-0.1216427276867923
0.4986491206088345,0.9453115763130375
0.6498489269599054,-0.16306618254318184
-0.5197166339788589,-0.2739419961883574
-0.32135905493554123,0.006703449655745819
0.42957229449710427,1.7208544242589783
-0.7939257751058344,-0.05882824281525992
0.6494816956013153,0.3725967398604372
-2.3471835430275108,-0.3771242404683381
1.5088378853289446,-1.7512030574577424
-0.9865902529486074,-0.8065432962916057
0.17846219207721947,0.1774050224957167
-1.3771512751819392,1.1215782534167786
-1.6282830388480911,-0.7905964867720454
0.6727637081106747,0.02686702446704714
0.9844567753495382,0.9521200713472191
2.0492020881291193,-1.244104756093559
-0.5621578766011343,1.6578756093205622
1.100746162502389,1.861991087255843
0.23553249125498021,0.4977375730751957
1.525097237437544,-0.7977419833409816
-0.6381656996344756,1.90210131519844
0.48761205938757834,0.5528357885068411
0.6835168490389829,0.12092006295693555
2.098841157332176,-1.1441203095163766
-0.2796152571485027,1.8659638397704117
-0.05164816848192501,2.5895590643174087
0.01338880614865688,0.49900830379357686
-0.8731776732165761,0.4936768278134061
0.5822246012325194,-0.2673150393461162
-0.20175320865132365,-0.2867478265238621
-0.32222503035773925,-0.2798585812943645
1.219067610859237,-2.3054185075745117
-0.49784502952950643,0.602169384994931
1.425362642194087,1.4735552636967768
0.028708959708686616,-0.26297099825525905
0.4065938577482854,-0.1516404410053962
1.9115684417813479,-0.8337886682191413
0.06756113574363252,-0.5066589156873675
-0.5721900284613375,0.5013701675552502
0.2695578337308031,0.3548833215278049
-0.7887865350062819,0.6966440259705831
0.06158039678666117,-0.04111150473046893
-0.47859046881893363,1.5037050615707208
0.3428965458451014,-1.9027894181547715
-0.5582044551211911,1.2773251608027132
0.017340620787814943,1.4759271356697807
1.6256878873635605,-0.536934143168982
0.16381965030857182,1.4673641913746285
1.6799916735651124,-0.6928264854947997
-1.3715354317406936,1.950691273519127
-0.621946696065589,-1.424647803969262
1.173400676316333,1.4685805944866097
0.28171673378481726,-0.7199062458690045
-0.8518782007354583,-1.9066220992713916
-0.09636732781662848,0.6320056021123606
-0.5474030786858395,-1.3803462526757564
-0.639491390950592,0.7622822621418167
-0.43232806394904283,-1.4199086883834116
-0.9437595302415692,-1.8325073525717546
-0.5520048696079005,-3.0717101143210153
-0.032026469697201375,0.8620790927568787
-1.053814863228235,-0.10460235675786027
-0.1934935279224266,-2.539084624633001
0.0806438274496275,1.0731951279228515
-1.949452422926514,2.073825590276328
0.16617002948593146,-0.621883061201456
1.47642415501416,1.138535480358466
-0.0757157347007607,0.5512239474465247
-0.8979565797330523,-0.5597871719999062
0.40921274295754123,-0.5881047436886673
0.19886377763990098,0.7446911165661477
-0.26555586025901784,-0.8890130538339213
-0.6673669214713607,0.9061090073270961
-0.7267546975336503,0.614492906413774
0.32096165273485805,-0.7509121395426995
0.9836344276460904,-1.168518246376558
-0.6192128025137371,-0.4206228267296993
-0.6738374863514371,0.024475454054013024
-1.5911094088155124,0.47679391244327174
-0.8229778084415673,-1.4293825017186448
0.09536947402711513,-0.44958524358490903
-1.825113156922477,-0.9079657232017587
-0.11425676381296994,-0.21439073919328766
-0.40993405486826184,-1.071329075167106
-0.42456992486507356,-0.6720205800691395
0.8115384117570599,0.7929291871170562
-0.7506827517048908,-0.5230898555598473
-1.1168455733605958,0.07343106777220276
-2.057565022200866,1.945986784203234
0.4207283206138133,-1.657788532882269
-1.1386438809764858,-0.445955972915438
-0.538277646347303,-0.952008597903739
-0.7137553582919555,-0.9809728861957943
3.0496168595884954,-0.14759878384654604
0.5627094598941156,1.3561476078522643
-1.101760683657789,-1.0415241096813603
-0.6551882763361343,-0.035248867229876635
1.8362080234595868,0.044389039079359704
-0.665764166458918,-0.22944752145488123
-0.5378590052290928,-1.4748199185005169
-1.1837655778918277,-0.3490871546301524
0.02389390214186923,-1.362887687488537
0.7830176284621035,0.8870849918873451
0.4179646659130286,-0.4646667241370235
1.6421369925307012,1.2389662802437773
0.3813858481339662,-0.6831845035413057
0.9472322886477346,-1.8912794497751906
1.0169423692333832,1.0615484308259895
-0.016233152984201395,0.06431799327776794
-0.09602213595364223,-2.710746497137469
-0.40349948904823296,0.8728322173274178
-0.171899208729288,0.2884105702900217
1.9750827009244016,-0.8701129162696115
0.14044316572953286,0.36431438627651225
-0.09417970780442222,-0.9819529442395222
-0.38715013441001883,0.03295552255043281
0.5701589809761249,0.5153028025854884
0.7982435237814053,-0.21159348184898358
-0.7389377147359507,0.5609939179525271
0.3988458961370372,-1.3853519566870804
0.713028387653981,0.858718743265826
-1.0680329032587592,-0.08035890908804455
1.462236089492549,-1.2458374534028622
-0.595474654306306,1.2357943303242862
-0.4942311634498348,0.38831521417310794
-2.006296241995302,-0.1626635592854364
-0.8463851176475932,-0.9692501310902037
-0.972260232533601,-2.2564173915742427
-0.3565548827940148,-0.24098780323648863
0.3346622908901851,-0.10792093524677257
-0.5274625199519666,0.759773700105144
0.3362851202154015,-0.7046116813018923
0.3232684752472021,1.7648357543053896
-0.08878321445243621,-0.6542990294279407
0.435140773549892,-1.2749360319292804
-0.2316538047897722,-0.12646868191344474
1.0373471850684486,0.6805655497135165
0.12074773631957453,1.6605764877248395
-1.8804703546241741,0.311188645735189
1.0847895796032894,-1.807460694399416
-1.613623957004756,1.7689488563076448
1.2101852995375972,-1.960862035058906
-0.19157859814514286,1.0960905814705917
0.16873314547845839,-0.29881987607763966
1.1031380051812238,0.9488409758697541
-0.5715811619208212,-0.08829331841835797
-1.661848320323771,0.39992056508228163
-0.10995534320263692,1.1004416869845732
-0.8805009807295024,-1.5554440650287886
0.5983297385966908,-1.5971084276893959
1.8357736919030636,-0.26347368519239844
1.1944710454067073,1.290164437417516
0.05509200348048256,-0.26236432848426106
1.8284310889274562,-0.5375398841949282
-0.002827227950743975,0.5806319175403571
-1.4675636695752206,-0.0726107645126052
0.019906942153542433,-0.7111293972072553
1.2881607935883777,-1.1139964998806884
2.273404348185052,-0.7970946994927288
-0.28198490580466784,0.10591530557059614
0.19249011567428237,0.10857309867669654
0.22268452343280856,0.7042051082293848
0.5617442784962706,-0.13740191877697805
-0.40855382930417256,0.838935423907788
0.6411823500831044,-0.3366693571171265
-2.0707664948112514,0.65304464765587
-0.1521038515137664,-0.9484426132421583
1.324865824868625,0.4229653897821109
-0.1425307413318405,1.8858498584411552
-0.556956281058806,-0.06301284928508008
0.6303147630342213,-1.1346810448406872
0.5971454957115679,0.22689059764892144
0.5432582848208893,-0.057220674945929084
-0.31019938365122607,1.478510490701983
-0.8299254198434387,-0.7453219426823834
-0.9526743761596063,0.24786834278860814
1.810122778138098,1.1819187464302592
-0.8313938293797228,2.170115012801832
0.21826115009280703,-3.465476852248582
1.1791727376631649,-1.366641328757288
0.750547446295731,1.485189308007362
-0.8440572722770311,-0.3708241954362049
-0.2120713348784243,-0.43530092533965714
-1.1393408494573107,-0.7782426563482508
-1.0924457927053401,-0.30906915038134536
0.1003448374588985,0.5628145149314789
0.788919125244703,-0.49107064894149954
0.5300392125607312,0.07169081001457583
0.8881867645326335,1.2196829813054584
0.34002061600454375,-1.426461230770821
-0.000498690629017936,1.4544147543789616
-1.4469006495783716,-2.383137664125956
1.3455006920376795,-1.3733611657469402
0.08529017012896309,0.5305276788169552
-0.5584404337272334,0.955785869791026
-0.6569031520993872,1.0315910344537684
0.3988042434435351,-0.21073456283854206
-0.020459323031565117,1.276695872956987
0.21740156147688866,-0.9448153018549855
0.6728833707364266,1.405910650846441
-0.7958831230039606,-0.5210998907929788
0.4638352130287515,0.7401803246535408
0.722330822032856,1.6755631880752264
-0.7913137603064805,1.2757278878243272
0.055933030859292555,-0.9763438487479956
0.13076230577918077,-0.5167603090724129
-0.5164856085230156,-1.5379444789348529
0.3752420192851936,-0.7152578541717736
-0.32407467284703434,0.07322385461119543
-0.5457873820663418,-0.7384885771822627
0.4583077852756624,-1.1008844879808852
0.1666345365474874,1.7535513237107485
-0.7103260851483492,0.8595539785305115
-0.715230704356481,-1.3484263623363613
2.320505111897116,-1.7120090029726507
-1.8146571640685725,1.9127829372667327
1.5104742103702906,1.587844412747942
-1.3873441877474937,0.6709544415839277
-0.01790280274823935,-1.3643765397783119
-0.32938572510985753,0.37118859917015706
-0.7389906130824497,-0.738106356569079
-0.42688571992127555,-1.3492432592580919
1.156171813944295,-1.8645650236723976
-0.39384946287000966,0.8417091484424466
-0.41252817292949057,0.3784813480902625
-0.02060216269367353,1.8710561261571386
-0.3299896786113916,1.9523690053950244
0.3391832920018086,-0.0659182857128071
-1.1487344074937784,-1.3182341086415144
-0.8227705512366787,0.06731564321196859
1.9599847375306314,-1.105511398162422
0.28722010034162343,2.21507691351789
0.15939334718545248,0.49500767851543437
-0.7596621424626432,1.3866205959180737
-0.8381267656233019,-0.7333170909593857
-0.4810598804078738,-0.0013386033044318069
0.24139738982027528,1.2630909764608038
-0.3797598351470299,1.4828825449373053
0.32695172468745226,-0.6373988763840897
-2.1946594182092114,-0.5594299007875121
0.5016011175173632,-0.23428823607736127
0.7058810858036363,-1.4905792336494104
-0.13743307472808947,0.14180341191760698
-0.5122400431873981,0.36065670013578666
1.8989561763288079,0.43095185372300027
1.206917875480295,0.4824550595738422
-0.25093662822417323,1.9905207090544392
0.6101220591691794,0.356717756470352
1.4665441053032795,-1.1113668016011653
0.2673418912600825,1.3189083096187821
0.9823609306259515,0.9159025710250382
-0.019690213478601934,-0.13116158410180323
0.09500222497316188,-1.328597948569858
1.2003128585162084,-0.142163065122708
0.4277929251313874,0.391681259459064
0.47925579173756105,-1.4601514851442223
1.8622537629719382,-0.07057942329789996
-1.7221218006000871,1.9429222334527565
-0.11094915992170887,-3.02400176178332
-0.6781346147457872,-1.375098212325012
-0.8664490808908114,-1.2304685127190027
0.2670674874852846,1.7824470045418792
0.711255819390303,-0.5848395554754523
-0.7772907737736247,0.2943610491889741
1.0763910826296847,-1.4952497935180582
-0.04092080784472203,0.9768232926076816
-0.06195373749489655,-0.4529067360915864
-1.7777728822900463,0.29475447154583956
1.1646542370930777,-1.872428839271743
-0.07399918628371452,-0.17784266049890185
-0.8113838656520114,-2.9397013204412556
0.055951757159502444,1.2738832805354399
-0.9470819031581557,0.914527183690717
-0.8097842907453141,-1.6744283734560903
-0.35639274084476885,-2.8875066234886173
1.8398120421799598,-0.25765433657275066
1.985698762022444,2.0482428286060204
-0.5920642509975558,0.9759146684227538
0.6024631426137087,0.7220227414059912
0.07247477955477712,1.9133500951318645
-0.013519242896947408,-2.2558324281063364
-0.5186952943545207,0.4107410507313651
-0.9616233127949292,0.7532649269588746
-0.0009775143567095806,-0.605737108549861
0.601710858085429,1.2875214234372139
-1.152768505601042,0.20256021070885064
-0.5493853626718909,0.20837168888977686
-0.0851265990505261,0.4196509013888486
-0.7132540399793034,-0.008264949520174883
-0.6183551913638708,-0.5836130816517536
-1.5450405766805773,-0.5652573418163046
-0.9259420665058528,-0.920852374616899
-0.4549448608730245,1.014187642931939
1.0609589874066112,1.5136542037101874
1.3281742745467169,1.1723098792120301
-0.2951036823589334,-1.5116245725263133
0.8915942741780024,-1.653312125679674
0.5202495488179384,0.2147579697332517
-0.8622616337001829,0.7139000549234881
-0.8243579287985213,-2.331677642091763
0.4073881605466926,-0.2968488506432224
1.1935262515308054,0.31078423121747717
-0.2697036093225572,1.0167142344593614
0.18068693431609456,-0.2589036172960516
-0.3571101564214807,-1.018673460659341
1.3109769261516233,1.0807886075533595
-1.143721618762095,-0.18583829086838966
0.19162608967361655,0.420157231515908
-0.754029771686234,-1.4474607403874258
0.8107603519774406,-0.2878667031922385
-0.9758647245779878,0.9070802737083707
-0.37559655575487516,-0.2583030603975711
0.12689181419256215,0.04549214144832442
0.4493853447091948,0.30645834399655464
0.6329125639714904,1.4717306754948951
-1.283748065044523,-0.9284589672281118
0.41414348043258353,-1.6475264723430985
-1.9265983351877294,-0.2541441734701459
0.8156948998954427,0.15782688470519468
-0.18104758587686837,-0.3950990844501797
1.320692360152984,0.683697168750652
-0.28810609293667144,0.6097613468579606
-0.28036763733134906,0.6348263635680191
-2.217659947527346,1.186785749673735
1.3485445503793103,-0.2432558913047569
-0.06249619255138301,0.663621935623885
-2.523666027940876,-2.959127605747551
0.6813887791128324,-1.3300203171116154
1.5691704700017628,-0.12752124933991882
2.0641326005866696,1.2247327533681116
0.00989524247615587,3.069814643151675
0.9968407274559137,-0.7746077687370277
0.988676471458469,-0.40912606416598796
0.12463270200994854,-1.5494262687329317
2.903415058657493,-2.132136875512488
-1.6983638925306648,1.0055391339819153
0.5467735334595256,0.1590150528474209
-1.6767925802697026,-0.8335111490330543
-1.2010648094473078,-1.6675800181180693
-0.6347269893452658,-1.955925269699737
-0.6938510036120624,0.7722592172666727
-1.7988873650667345,-1.395060698173257
1.0775547345829342,-1.587225410789515
-0.793276314917724,0.16418439579648053
0.36555452355986917,-1.8907309094360398
-0.9559602822313653,0.852925309921981
-1.0964980702141873,0.5101809623505462
-0.7010927171326125,-2.398738944519179
-0.13766318857937698,1.0942258658318416
0.2028045077126335,0.3186925053227509
-0.07178209572135177,-1.678064789756255
0.05082042304565668,-2.030616624356662
-1.092044730242604,-0.10545882720376702
1.1293284216224937,-0.03848319666353006
-0.583908771571869,1.4566642429077254
-0.0009712043771948203,-0.5294866713837915
0.12475918620061105,-0.9041546182891919
0.34239151338684154,-0.27566226555238094
-0.6580747821822555,0.8570875194123118
1.0612079701247876,0.5971307794766912
0.19001970534572282,0.937997609614533
-0.38541689827802206,0.3427797345952155
-0.12332630001247617,-0.931761465530585
-0.35574347320824884,-0.9286669015960369
0.38008007110652814,-3.294345079103889
-1.111796669068485,0.28439094274763443
1.3047403828335193,-0.14621278280091893
0.09530966082384054,-0.1393652913802259
-0.1225292722899995,-1.7042220832637178
-1.634512562927908,1.482328165227923
0.876031300243263,0.05568528973041886
1.2011060034458745,-0.5536413140468168
-1.415181117390995,-0.3439371821926699
0.04752276285234723,-2.197056617465391
0.6024097765702386,0.10071000236167871
0.5367745253322498,-0.2694452818842103
-0.9072067493197067,0.32247039510043557
0.8326969202004803,-1.1153062501597688
0.41151412173456847,0.7711748661512399
1.1523396517988744,0.7608291751308849
1.5955721072643,-0.3674156486173321
-0.4265287317219307,1.0808072747307236
1.0456598769610865,0.151022747582941
-0.5267993895525104,-0.5166782101927987
1.8646085066748903,0.10094067162663978
-1.1574673070434556,0.5580591371544732
0.053965166848139706,-2.4540700513921565
1.0245230525386044,-0.6596112959280424
-1.481049894437598,1.0032613466377995
1.2411736402909763,0.3480490099439052
2.0427081896030383,1.2466096421905188
-0.7886891463133507,0.34478388853933484
-0.6419133102040807,-1.2811551007640967
0.38102517432561744,-1.187128785884786
0.6635394237394763,0.2914873164750098
-0.23699371218713444,1.7207363760542496
-2.3874475344532486,0.669962843195358
-1.246649947362904,-1.315351545252083
1.1357086005157935,-1.9939699255552434
0.30715906485230815,0.3113035671443894
0.30877480039898253,-0.17426648280815638
-0.2642027059245092,1.3633646491790192
-1.1803472153123926,0.7079302584745951
-1.8410570050602313,-1.500593904437983
1.5208730390281167,-2.9998830109838357
1.26613152990907,-0.49812382526013144
-1.2802488546448432,1.9986902369603006
0.7770715369067781,0.5481436620611422
0.5615078192667903,-1.438055711871466
-1.7069518060793727,1.480246665617904
1.2569466185001357,-1.1835898152022812
-1.8690258040056127,1.4092273006814677
0.46478560927465673,-1.0682176288556904
-0.4265404070087812,-1.1381910514550189
-0.8584944873206914,0.7097345381188805
-0.42707380120402827,0.14348969808508238
0.14711588467535058,0.08668051951955863
0.23975227496214735,-0.306700442701038
0.20139015429297108,2.0886068593896736
1.747145166543326,1.5763263597001564
-0.4931515682598248,1.6839046839725416
0.02047813418948249,0.7094009487624757
-0.10999572687298248,0.05441911887611108
1.2459052397573642,0.6781248655521446
-1.0969348138189268,1.5911653999014572
-1.4387612967228,-0.9018498771438668
0.5120114005201135,-0.07878684459754548
2.26723168305918,0.5582728749034942
0.47318275804806953,0.20140402246169997
0.43916391686764783,1.5311777428263142
-1.2237429818278742,-0.14449470933307942
-0.7779143910302794,0.41093786798540965
1.0264017808978465,-1.5994007190470778
0.8650520274556602,2.3229699851403214
-0.9755580482378905,1.4536451822848986
1.263300977061239,0.22746118886514033
0.4303495868901044,0.6626758287975917
-1.2745915692192842,-1.7694245766937713
0.3127742338283693,-1.0262375244536714
2.2833135435773984,-1.2186010527518418
0.20198609033760967,1.9207441598271773
0.10004178624387171,0.8619739420593664
0.6803086394138785,0.1850155645899908
0.4733002493533771,-1.0500947451668476
0.31331207791066945,0.07152327636748043
0.13268400331504207,0.3216320682654045
0.9360510058213377,2.202037090062719
0.13555735652036935,-0.6717006156264731
-0.7036892787207285,0.17630746583278006
1.083777633689516,-0.5462751844677021
0.21550238748841025,1.3121424763132052
1.3929500130111245,-1.0220823651406208
-0.5781682241744307,-0.7050194240894327
-1.7175635142824615,-1.249983873662247
2.0034652691610675,-1.209031230706806
0.22599907669348127,1.4005490717079327
1.0610871912824185,1.4297193259497647
0.5043582700499832,-0.6482992933299994
-1.0012027872359224,-0.617911987899554
0.6644046209375837,0.3785089513320926
-1.2477108431652562,0.23631597285235628
-1.1608603397826223,-1.2711034302176245
1.173543448107283,-1.4317731328687713
1.0219656025492825,-1.2422881318064283
-0.2039527924679332,-1.0442215944162814
-0.1288174208729969,-0.18168975424406777
-0.3648138212296141,-0.22749235930896
-0.8302345067748457,-0.47919710554527384
-1.5602042155753215,-0.6890571890512671
1.5413231312098152,1.1512999303004605
-0.3679278559407377,2.389935795731168
0.4125473310350128,-1.0588281590081163
1.1379020056202882,0.053650087512331246
1.1938449733271443,1.2564184097728275
0.6562015100593622,-0.12618647204082323
0.06949831732876482,1.6885627043927365
0.23881366086198896,-0.8907679290035269
0.15437721443701852,1.3609833124298658
-0.3038548533391639,-0.2709558734155294
0.6992197704289375,1.7716732364319103
-0.5619358825513115,-0.5571104732346708
0.9322862952684619,-0.5815092120801625
-0.6286290718669222,0.5173830799898258
0.04348220368580796,-1.5159250666162747
0.8304739957016649,0.7053859401488297
0.28391453858473575,0.8892168029864298
1.1672115921722241,-0.7542277144246796
1.3624952775706543,1.1345296728777043
0.5336600516213703,0.34051324391226206
0.046651378130299063,1.8161835335091334
0.8535457745395305,-0.33744147409803793
-0.12659979209991043,-0.5544185523005795
-0.5975913517386104,1.728356010597747
-1.2059017551808155,-0.36167464217860024
0.2214605071050124,0.13003286208932163
-0.14960338500458106,1.033758724516166
1.5087086003046608,0.735083990766734
-0.5478188330580156,0.6007989280735231
1.3422142209485866,0.49930558231743527
0.9319689951434305,0.6041068982867168
0.8781387782692628,0.05023726839264864
1.3327164261684514,0.518539555750687
-0.7217614267724396,0.25932957404116863
-0.09908999679885287,-1.184535535537583
0.6491652520683587,-1.5149122900541152
-0.8736594161252207,1.2946730496641357
0.17390253814208145,-1.424345043585611
-0.6446155927777657,-1.5353838294501654
0.186550956089971,-0.36664936044708313
1.269479709232062,0.5511668558011539
-0.9390705953760244,1.461888737304579
-0.23155070129680222,-1.4581467369591872
-0.16154112564080347,1.2953924464533808
2.5555484214915465,-1.5939551921090587
-0.8391115265613615,-0.20061091378216833
-0.9501216586531116,0.9602396080513536
-0.12814714142241135,-0.5709859613449277
1.2143488865421097,0.24606326706858878
0.6941964069088526,0.5578603056780316
-0.3385855424907568,1.5098680254413865
0.5631469667547653,-0.1267273983453705
-1.5833896675233017,1.1624332856887993
0.6718732650179691,-1.7514669822043016
-2.199071387591197,-0.7742426328219407
1.4154926234319813,-2.144126957159817
0.5481884582735432,1.314384656929011
0.9598464728263822,0.28355446183961014
0.7184925766376179,1.0931454374117044
-0.9191153831983264,0.08379749195728264
-0.48771946522947557,1.803808078758409
-0.7161777679475673,-0.7083376856308733
1.3273866418727671,-1.4279221737848657
0.6067066907460764,1.7986179711298413
-0.45952052301173113,0.2427398763555626
0.8362307242791953,-0.7186282541583552
0.4457822589957636,1.7114759020885104
-0.172993274642715,0.17808963124089977
2.3389080844278607,-0.026475250318560642
0.3431836732066295,-0.5185292473343674
1.00426553535671,-0.12542560582798842
0.3501874452931813,0.6954380085777077
-0.8229340861060208,0.0683428049447715
0.191542059044681,-0.8175245428838825
0.30046998418291426,1.115283079170038
-0.4358950303420056,-0.7540718287165962
0.07164404816461754,-0.3734234097712518
1.0752814008841804,0.08583529282242827
-0.936212044746342,1.0848013994538435
0.5142102332822599,0.4926976195947814
0.14803721207205658,2.088710141726376
0.34538333343467365,0.34241429672649454
-0.9874767391794719,-0.3454598392337278
2.0730439493585058,-1.5599216442459318
-0.39846686405769793,1.8040121310533053
-0.032355859318715326,-1.173477639093632
-0.9836349757657039,-0.497859518577579
0.2659154610351319,1.48601781413026
-0.1638519187865259,-0.8666884597487747
0.499812508530531,1.2776714280698451
0.8296270801400181,-0.21037280407614853
0.8386689248757384,0.8923123893393002
-1.0249567695466673,-0.2693841948537764
-0.27010436389080106,-1.8082804185966146
0.9758231384325441,1.2841531755957365
-0.16955536039515562,0.9398618617557668
-0.27223914781920144,0.11598616738528822
0.648396158359324,0.3322795748282941
2.0483232286205086,0.3908443249363299
1.4036066145962556,0.95277120059135
-0.4545663109344775,1.8763919234615003
0.1113525344178171,-1.1591383615482802
0.3109063228932177,-0.5249825106502151
-0.6396212207360258,1.2860487642090885
-0.980080550590523,-2.0274686551256575
-1.3770761607812105,-0.6023772964264535
-0.6726192042134654,0.4293743146275931
-0.1428625569790676,0.22373714517725413
-0.07297463844936403,0.641411630990656
-0.25349633547403,0.03296602509404334
1.7933479058888533,-1.2450302809374798
-0.14894227182918474,0.3682463241230868
1.3105422649894118,-0.49428841515300515
-0.7965013083901993,0.5036893804633897
0.9207300394241205,-2.0135070591112507
1.1212067704788269,0.03814237885925481
0.2308846338587234,1.170965775589821
-0.7638925546325613,2.2284528209474543
-0.498248714048007,0.6992220544603773
-0.5485773739308085,-0.5485211387250953
-0.9921113460692236,-0.7173167135719921
0.9238232055129953,0.0017558297313546856
0.08331263656184687,-0.5236664785946149
-0.8538225396700635,-2.3330226386768413
-0.21305129586711524,-0.5096445147196216
0.7344250608337339,0.4239730548593135
-1.4364114126040433,0.3345172186029021
0.17476738017621005,-2.7990273053518453
0.726300160383937,0.9070173147875089
0.1279882616330753,-0.5668949428883088
0.3004801661258832,0.41773770762371476
-1.0637849804143236,-0.6878003357366396
0.42875705195639763,-0.3229585958928247
0.7588118676600921,1.3730345734720264
0.19469046085026892,-0.417000470012473
0.9332053477625978,-0.1702192222565901
1.0966615321882718,0.796111096058197
0.00820991772980839,3.4329773486771193
-0.10115341841703009,-0.690856727296308
0.3518927320569638,-0.5496091456458733
0.43339845065230664,1.9439692518990421
-1.260949870969194,-0.3490785758677221
0.596676246907094,-0.7955716906605408
-0.09715089832549478,1.30049933710635
0.7912880373029378,0.4820811806792977
-1.6988857237861998,-0.8307189700598736
-0.5574892690036857,0.8430615006378915
-1.4832716192713868,-0.45899244763728797
1.3778239091319795,-1.88254852699833
-0.18450889282050437,-0.31225516327273095
-0.21278118232006513,-1.0430734597889775
0.6669690663809537,-0.8711996643658881
0.5494699179709914,1.4042042908344676
0.8286542992674717,0.8522278309707666
0.2914038778255226,0.4100895713526418
0.3200671159151089,0.09242574893212435
-0.49310489160396537,-0.11103471512037513
0.36887486614562925,0.38527093240573806
-0.06875851525000326,0.13577273702831955
-0.8766238604964699,0.31739006851201634
-0.5882235739374934,0.12175802644264294
-1.1314493667441257,-0.5709823987154816
0.8914344663295436,-0.3581458965402694
-0.017543019136306258,-1.762926312116879
0.30559180921263157,0.8861827329539816
0.7865024224131311,1.0222560320582816
0.6390053633854739,-0.32073966435730733
-0.4965016185945899,1.2875165905050763
-0.12534711445565658,-0.14748137113948523
-0.3597960029482394,0.79120202060969
1.4825238386493318,-1.5463376553283645
0.4065893969511948,0.946560474549683
0.24471173979684605,-0.35483098254438067
0.5330233362861196,0.5271804664705395
1.0692850961699318,0.5996262620194324
1.390763683675016,0.6020381179431356
0.9586785763180421,2.1599658104445196
1.3192254047066536,-0.10323494623034113
0.2757014981731689,1.5937569551215511
-2.2269478027653404,-0.2645184038340246
-0.49007927736195395,-2.8238670584438914
1.689278707587419,-2.254984688833493
0.5089898901766121,3.321686155326636
0.22008037487990936,0.026814768910041947
-0.6328668665828251,2.04041929089049
0.5341425186487436,-0.3614660391131338
0.38898514339958873,0.026788267026472967
-0.6299435666067633,0.4208734672318263
-0.625638125551854,-0.8380573380350926
0.0617873277883349,0.920161497956999
0.33068026926500294,0.8919586804125681
0.23875037415057662,2.3984619178743056
0.1745630490165795,-0.7076056506334415
-1.0479435297970336,0.6128918934180065
1.1527156035413852,-1.2054197711442027
-0.25072848234219636,-1.1985670144318386
-0.7998815332420841,-0.16596396798131585
0.3244904491516714,0.2799695498166115
0.40143881762744316,-0.7867505102176923
0.39009288356236793,1.1270091858999225
1.3522506938148044,0.4762134249244671
0.08921936928682428,0.25154609811093975
1.348680684435823,-1.763209487810613
-0.4843576637556331,0.2537794350473261
-1.3166554694961945,0.2734764721246167
-0.5579268424804054,-1.5642194386603459
0.9325544988735306,0.2528340828061917
-1.8463579400143173,0.4903205662920547
-1.264684334489116,0.01643838581451018
0.2132630652980698,-0.7436536698037155
-0.9336284971458428,0.03951409088276078
-0.45029422041372513,0.8499527392585107
0.5912319629808624,-2.0013691824516555
0.6596040690487395,-0.3065685365764802
-0.38541586264562144,0.551054000774021
0.9216982193387898,1.0431810138713984
-0.8379406017906076,0.31926145061268907
-0.46061692441314894,-0.9763773975071797
-0.3471413125670626,-0.2893873762961326
-1.671751092039731,-0.0550138340649102
0.36387393277960445,0.544666530013691
-0.32358306520113095,1.479274538301466
-0.9112481016747962,-1.1796138320275877
2.631424362750933,-0.23254702475286268
0.14849290512989716,2.6596643468298202
1.2599907016391483,0.500016031734802
1.1358610892793772,-0.21835682404657664
0.5238283173694823,-0.538784684355942
0.5248804350131543,-0.362489869199546
-0.18958144044549632,-0.36551048935437286
-0.14915666995057048,-0.961373319675328
-1.6598746124387562,1.1659838358530732
0.034053850767914326,-0.6432876368250029
-0.07792800007686264,0.38184867698098646
0.027831267533515475,-1.1930536005168766
-0.30814644186715623,1.7404234197097115
0.5349498215689092,-0.0265369855513502
-1.18552066636562,1.4902325354421317
-1.243308622262331,-1.908009153772309
0.7870722182225994,0.08537916578485205
-1.6004045334718657,-1.432926422969794
-1.22784257708201,-0.1733699888900363
0.17534946442221483,-1.63919330959324
1.070582759317481,-0.8540113334347523
-0.920276788488131,1.1006128171486074